1	3316	Cardinal	800	0
1	1249	Combermere	800	0
1	1750	Kemptville	600	0
1	546	Parham	750	0
1	3475	Cardinal	500	0
1	1156	Commanda	950	0
1	1493	Kemptville	950	0
1	3788	Ajax	900	0
1	1137	Cardinal	600	0
1	3026	Kemptville	950	0
1	3796	Marlbank	900	0
1	1506	Madoc	800	0
1	1501	Bancroft	700	0
1	2585	Cardinal	550	0
1	3404	Parham	950	0
1	1124	Bancroft	750	0
1	486	Cardinal	700	0
1	858	Kemptville	600	0
1	2058	Kemptville	900	0
1	3520	Cardinal	650	0
1	2176	Combermere	800	0
1	2321	Cardinal	1000	0
1	3533	Marlbank	750	0
1	2750	Kemptville	800	0
1	2779	Waupoos	900	0
1	2195	Embrun	1000	0
1	3975	Marlbank	850	0
2	858	Consecon	650	463
2	2195	Baltimore	750	484
2	2750	Consecon	700	211
2	3316	Ungava	600	172
2	659	Lombardy	950	681
2	2441	Ungava	600	314
2	1244	Grafton	700	437
2	2779	Madoc	900	422
2	2782	Baltimore	500	332
2	1124	Lombardy	750	191
2	3475	Baltimore	750	260
2	1156	Baltimore	800	267
2	1137	Madoc	800	506
2	3796	Madoc	700	249
2	2058	Consecon	700	397
2	3026	Consecon	750	345
2	1493	Grafton	850	524
2	3779	Kiosk	1000	348
2	1249	Consecon	800	333
2	3533	Consecon	550	384
2	3520	Kiosk	950	368
2	2780	Consecon	600	372
2	2585	Lombardy	850	507
2	2321	Kiosk	750	401
2	2182	Lombardy	650	277
2	3404	Kiosk	950	388
2	1501	Baltimore	500	125
2	1479	Consecon	550	403
3	2176	Magnetawan	1000	619
3	2585	Athens	600	194
3	1506	Havelock	950	555
3	1750	Huntsville	850	346
3	2058	Lancaster	950	608
3	2321	Lancaster	700	254
3	3796	Minden	500	258
3	1493	Athens	550	172
3	1156	Uxbridge	700	403
3	858	Embrun	850	351
3	3316	Havelock	1000	749
3	2750	Huntsville	700	464
3	1244	Huntsville	1000	514
3	2195	Huntsville	1000	531
3	3779	Lancaster	550	194
3	2780	Lancaster	500	194
3	2779	Lancaster	600	150
3	1249	Lancaster	700	214
3	3975	Lancaster	750	469
3	1124	Lancaster	750	347
3	1142	Washago	600	344
3	2782	Huntsville	750	209
3	1527	Lancaster	1000	254
3	546	Uxbridge	500	145
3	3788	Athens	950	403
3	3516	Washago	950	610
3	3533	Waupoos	650	259
3	486	Lancaster	750	365
3	659	Washago	800	479
3	3026	Washago	650	242
3	2441	Lancaster	650	451
3	3475	Magnetawan	800	567
3	3404	Uxbridge	600	331
3	1501	Minden	650	358
4	1479	Shannonville	550	365
4	2441	Ompah	500	208
4	1142	Cardinal	950	553
4	1051	Balaclava	850	540
4	858	Grafton	650	202
4	3975	Grafton	800	289
4	2058	Kinmount	700	489
4	3779	Ompah	550	313
4	2750	Balaclava	700	260
4	2782	Achray	750	253
4	1750	Cardinal	700	271
4	1493	Kinmount	600	203
4	783	Grafton	950	590
4	546	Cardinal	650	260
4	2176	Ompah	1000	554
4	3796	Shannonville	650	321
4	3404	Ompah	950	500
4	3475	Spencerville	750	328
4	2779	Shannonville	800	248
4	3788	Ompah	750	211
4	2195	Balaclava	1000	408
4	3520	Cardinal	850	251
4	3533	Cardinal	900	271
4	1137	Cardinal	800	295
4	1501	Ompah	600	219
4	2585	Cardinal	1000	404
4	3316	Dunchurch	850	271
4	1506	Ompah	900	523
4	2780	Kinmount	500	281
4	659	Cardinal	700	422
4	1124	Kemptville	600	398
5	3533	Sprucedale	750	283
5	2782	Maxville	850	618
5	2585	Westport	650	202
5	1137	Achray	950	506
5	3316	Brighton	700	208
5	2779	Barryvale	600	230
5	3026	Maxville	800	274
5	3796	Maxville	600	417
5	659	Dunchurch	650	336
5	783	Brighton	750	312
5	2441	Maxville	650	406
5	3516	Barryvale	800	463
5	3520	Dunchurch	700	415
5	1249	Dunchurch	700	370
5	1506	Lancaster	950	338
5	1479	Brighton	750	515
5	3404	Maxville	500	363
5	1244	Westport	700	205
5	2058	Huntsville	700	238
5	486	Matawatchan	700	441
5	3779	Dunchurch	800	270
5	1493	Maxville	600	388
6	2176	Restoule	850	423
6	3026	Dunchurch	600	337
6	3796	Kaladar	900	238
6	2195	Kaladar	550	283
6	1156	Huntsville	600	201
6	1506	Kaladar	500	373
6	783	Flinton	800	555
6	3779	Restoule	950	408
6	1479	Balaclava	600	203
6	546	Westport	900	330
6	2779	Westport	600	192
6	2058	Milford	550	231
6	2780	Kaladar	900	393
6	1124	Flinton	500	301
6	2182	Kaladar	700	335
6	858	Huntsville	800	584
6	2585	Kaladar	500	340
6	3520	Matawatchan	600	171
6	659	Kaladar	900	495
6	1750	Kaladar	900	477
6	3316	Kaladar	600	391
6	2782	Kaladar	750	207
6	2321	Huntsville	550	280
6	486	Kaladar	500	296
6	1051	Kaladar	850	342
6	3533	Marmora	550	139
6	1501	Kaladar	700	191
